Id,SalePrice
1461,118665.39424090831
1462,138542.86282595096
1463,167655.47092497576
1464,195373.0701449897
1465,181713.72066880178
1466,174240.76533351844
1467,197877.0797309602
1468,168371.16645802546
1469,193362.9070950636
1470,115577.76270708011
1471,194285.79897063106
1472,110070.70075175817
1473,101108.08966437652
1474,154587.36124271518
1475,122070.18807845008
1476,323326.48321032064
1477,235115.7675365747
1478,278702.3174903281
1479,262010.44565178364
1480,445502.6796283355
1481,299347.8514441099
1482,200928.8983139023
1483,169939.7651531159
1484,164261.01178420868
1485,195599.56056002036
1486,201429.93458263882
1487,307432.05980059097
1488,245675.90952118658
1489,175471.78737628603
1490,216914.99090185642
1491,194093.0951449957
1492,95002.84580565737
1493,215707.18975622245
1494,286925.4117583819
1495,282367.61813771754
1496,208314.16094142947
1497,164857.42567676766
1498,151698.42653517667
1499,161717.68766974978
1500,150139.24054648625
1501,158747.72963290114
1502,146738.29390627408
1503,274843.30998809205
1504,242982.91178347223
1505,220203.95495425173
1506,190957.38519965496
1507,240266.5735541396
1508,189573.67817861284
1509,155089.7395446104
1510,136237.6088940902
1511,137521.66777577967
1512,171075.11243586655
1513,145392.116085438
1514,154366.72612385324
1515,195274.3548169381
1516,151297.95580446642
1517,164510.00220898414
1518,129905.71164532368
1519,217501.4217120365
1520,119674.05372111396
1521,114530.75970939186
1522,180656.40795094045
1523,97212.17599241927
1524,114720.73153552218
1525,112538.6050303902
1526,101073.64242798212
1527,102082.0652566407
1528,153337.24131659354
1529,130226.92071010335
1530,219234.0780994737
1531,112768.8012038883
1532,105722.41195684152
1533,149775.59621923513
1534,127123.09213392342
1535,146016.42761703575
1536,108059.73960880704
1537,69250.1777113442
1538,172249.46669274656
1539,193340.6196789349
1540,90995.23327327463
1541,136362.52469277644
1542,130797.22127244284
1543,173497.69518539897
1544,95564.00546708892
1545,125092.65096742375
1546,137029.04154343103
1547,133892.7494747365
1548,134554.8743164346
1549,118450.6497657231
1550,123632.41688429781
1551,120074.8012707017
1552,128158.41495313987
1553,137982.72252312987
1554,127212.23191084719
1555,149084.20605837024
1556,89759.05473109042
1557,88570.65987314064
1558,100990.26947582999
1559,74636.13881503677
1560,123629.05596335056
1561,117105.15784962306
1562,130543.952931686
1563,114955.87332253216
1564,152454.58518654222
1565,142739.0098689508
1566,240540.45455098938
1567,81774.95863160657
1568,208338.29259005503
1569,108077.35908779435
1570,144630.51415192086
1571,117467.59105245714
1572,139774.03800733062
1573,227415.93560078216
1574,116193.41988671331
1575,221385.3181040114
1576,254389.47277505233
1577,181925.68096544873
1578,135285.12147293412
1579,133680.3988348299
1580,197299.8522777963
1581,156762.9965620277
1582,128959.5018108287
1583,314005.332245262
1584,224790.88022754434
1585,141088.2316525287
1586,82658.54297404963
1587,107215.91863842757
1588,141498.83339450025
1589,103435.60135624402
1590,140253.6914158155
1591,87058.12605531156
1592,118835.70326472496
1593,134181.68401072352
1594,127157.1769806189
1595,94832.89698458542
1596,201508.40513563674
1597,158596.43562148092
1598,199031.62839757474
1599,183409.16953474848
1600,176103.2433939509
1601,67051.88064259927
1602,110897.47841429999
1603,89529.64923774013
1604,247715.21654936572
1605,261223.05775897697
1606,178166.8887165686
1607,179670.1041689623
1608,225000.67873774533
1609,180822.61988644354
1610,151168.11652640536
1611,143448.67340916605
1612,160714.21251239264
1613,169590.13173614728
1614,132371.0923891241
1615,95523.96046098479
1616,80420.75034611858
1617,98242.99175438496
1618,123188.40007051875
1619,150157.35014445693
1620,165477.69494915282
1621,133729.39545425694
1622,136940.1624341338
1623,281584.6111725093
1624,201450.8253279551
1625,113568.11542933626
1626,178918.84940518573
1627,185633.84684306232
1628,277623.7119919142
1629,184956.5779273422
1630,308806.5139571052
1631,203565.50512766917
1632,216823.69455751617
1633,182664.22898505887
1634,190912.43425615586
1635,181185.07434178473
1636,162468.3811492481
1637,191240.06189161883
1638,209855.37782374144
1639,191821.94027776486
1640,262950.79358275404
1641,180309.6832648667
1642,222369.4955450068
1643,222479.23648054936
1644,229945.3959106792
1645,239805.50340507878
1646,169705.93825022594
1647,166587.74944609666
1648,127812.51280706632
1649,137655.61100243003
1650,121757.09011846255
1651,124936.56297885264
1652,115231.51788099528
1653,120608.262015391
1654,151147.45468762537
1655,149682.02376114752
1656,145657.4369153898
1657,154957.33633535006
1658,148633.3188255447
1659,132069.5526781461
1660,147358.5795004262
1661,442918.70425275475
1662,353898.7932935474
1663,338629.2887279214
1664,521181.4264249596
1665,291327.8651720469
1666,302431.14217094734
1667,340440.57698394515
1668,318184.8987873638
1669,288999.5889531564
1670,320380.0461316101
1671,246645.26880904997
1672,410956.7102656901
1673,295100.61031724425
1674,250946.0851240413
1675,174914.90674366034
1676,181032.6095448524
1677,204369.217600038
1678,436784.1459331388
1679,333597.3737718434
1680,279330.98146204057
1681,228698.4307345904
1682,285102.15071549505
1683,184962.24206874965
1684,195241.46581926598
1685,176215.36784744615
1686,173894.97899273116
1687,180216.19116368156
1688,199471.83061078336
1689,202827.91706666726
1690,207537.33765140828
1691,199257.3686060581
1692,268112.6155021951
1693,173722.7128990131
1694,187292.21411800996
1695,178072.07247870782
1696,277099.54427558224
1697,186932.26557514587
1698,353989.4102425334
1699,309280.4430259312
1700,243917.71212666616
1701,263514.59844651376
1702,249004.76339748132
1703,261174.69182018453
1704,278571.5079666639
1705,229307.69907031354
1706,406989.63241208
1707,190377.2279701176
1708,197532.47043797164
1709,272861.4203418519
1710,216534.65134144956
1711,269376.0179813652
1712,247441.74613780147
1713,261322.24512890965
1714,216028.16893081524
1715,198538.5450411283
1716,185395.735148629
1717,188274.21397964386
1718,135346.65415826175
1719,199269.27123459819
1720,236891.14049337275
1721,177717.30673849845
1722,126290.49071175889
1723,160376.91045329272
1724,206438.4145565936
1725,230244.03444992716
1726,184482.5577438753
1727,147420.4185106099
1728,189932.85419927406
1729,167052.96084020616
1730,177213.56360630784
1731,122548.91650653379
1732,124171.54698666872
1733,107836.3301288822
1734,116703.51460950318
1735,137720.45369344045
1736,114015.19743125878
1737,373159.0334430469
1738,252233.5301712702
1739,267025.4738718331
1740,186510.6585561654
1741,171675.9801634619
1742,158474.55854840745
1743,174957.99215039308
1744,318487.3945182805
1745,200229.49493587622
1746,209918.79999697945
1747,222643.91277946223
1748,230900.71957334375
1749,151270.0705800924
1750,137266.126560158
1751,263963.3418373277
1752,114066.69988445577
1753,143987.39955781095
1754,216736.3461940277
1755,153347.86364889384
1756,136245.67750431676
1757,113324.60303347191
1758,138989.53052398778
1759,166275.193462845
1760,168548.052304059
1761,158327.18169625493
1762,171090.39096312795
1763,166263.65242263023
1764,109910.59507145923
1765,172832.4273977069
1766,196354.30342076064
1767,253845.61130064024
1768,135472.31555153857
1769,180761.1281453109
1770,161234.1938122781
1771,117087.58289463133
1772,123651.20667120362
1773,122987.56991688066
1774,132704.36258050211
1775,137359.11372178834
1776,122854.8238400523
1777,105574.39140827289
1778,137916.23183117813
1779,113298.95985101505
1780,188691.7721323032
1781,117038.63285852953
1782,82694.87103725823
1783,145256.5992341958
1784,100810.77128481523
1785,110587.37232847036
1786,142806.1497612342
1787,165323.6660573851
1788,64965.364834968874
1789,102974.93336527492
1790,70870.46647133825
1791,202374.53860285453
1792,160303.95517993136
1793,145498.0062228881
1794,171386.89361940318
1795,124170.34553489124
1796,124742.51955480332
1797,130519.20801570514
1798,112468.40068509534
1799,112071.16035746549
1800,111443.7153890149
1801,119818.81072803999
1802,150754.40529529576
1803,147296.5564388376
1804,136140.39415731607
1805,141724.33072046397
1806,137236.84564343235
1807,145643.09017586318
1808,122753.99672037824
1809,113921.22267225033
1810,137356.79061268782
1811,86936.6561653906
1812,92879.20956965059
1813,121889.05689332078
1814,94543.30052684412
1815,62851.09492967541
1816,102371.95391306162
1817,96998.55606454851
1818,130756.69247397737
1819,129064.3503142862
1820,67288.34029594205
1821,118546.80913716146
1822,150039.41749905064
1823,57555.89683489025
1824,127056.01615646873
1825,131036.8772892937
1826,95217.73664091597
1827,104968.11646628047
1828,131359.25220920623
1829,138087.38569044802
1830,140110.43048809003
1831,162905.65481006316
1832,88929.22134425571
1833,141273.3617244312
1834,123773.57435408358
1835,120114.33505961811
1836,122743.35204203743
1837,90183.57262048096
1838,125902.39923696397
1839,109709.90118088912
1840,149835.8941253071
1841,133350.32055957147
1842,95813.91934911518
1843,127867.92110093827
1844,133690.09770821515
1845,135689.5801086942
1846,143165.6198029031
1847,145579.93380192792
1848,56224.34590160821
1849,112813.12000840917
1850,113843.61596955826
1851,141159.52132772878
1852,128708.44285632593
1853,123114.73104635361
1854,171887.59138629108
1855,149435.83556300952
1856,235193.9949559102
1857,128401.2040021331
1858,144041.25191644605
1859,126897.6262180583
1860,155617.09450704543
1861,126348.8607318839
1862,367848.241701091
1863,365142.9700569207
1864,365168.43725780677
1865,312187.2569843885
1866,319074.6620838005
1867,242479.84344353527
1868,285335.86188017
1869,214369.90526402998
1870,233889.0155402098
1871,244565.1498735816
1872,174190.48301654807
1873,221853.42591215932
1874,151422.94369922037
1875,201095.81443308655
1876,199297.0362131334
1877,209886.0142771924
1878,210966.1889371324
1879,115526.39065250917
1880,142582.64696991935
1881,242059.80378530233
1882,248872.31816390617
1883,186874.15179994298
1884,199702.20710862192
1885,237881.6496395957
1886,269858.4093387438
1887,223145.98260227864
1888,292298.40288529603
1889,171630.31921894845
1890,118065.49104995631
1891,141609.71696465547
1892,94538.65067591575
1893,125741.72476816081
1894,117902.60715708368
1895,129089.30291735248
1896,120558.38790947002
1897,112086.37576034712
1898,122169.14971168342
1899,149458.09798755616
1900,147477.29135646755
1901,150558.74511750406
1902,123371.73586617199
1903,206082.76165839052
1904,128483.10903226018
1905,185384.6782406972
1906,159256.86461315246
1907,182773.79737129752
1908,133575.7850696766
1909,152786.32383099987
1910,139532.69379481405
1911,204728.12415769126
1912,323855.5541102326
1913,146334.9454427723
1914,81245.31503841025
1915,248397.56870616484
1916,61167.77030271581
1917,257573.72057952467
1918,143801.31180547943
1919,195244.17351778355
1920,166420.38541140954
1921,351434.2509099005
1922,287838.10559762595
1923,227145.17750638773
1924,224856.80292374353
1925,210052.51585554756
1926,344327.2868587901
1927,127335.50408946481
1928,152708.08042159496
1929,121058.76276139203
1930,132558.72698913366
1931,145040.68536156797
1932,136519.7714276669
1933,166792.03901165124
1934,180003.42387853056
1935,174349.953366014
1936,175800.52432183406
1937,183024.06435870062
1938,168707.02564299948
1939,223030.54589514915
1940,183662.50794110153
1941,179016.67145923022
1942,181472.455811535
1943,200045.99568009563
1944,303648.90936744673
1945,328684.55407614127
1946,142478.74576325793
1947,266298.2755190119
1948,170637.54684453804
1949,241110.81980196363
1950,204861.86920110678
1951,256531.83454035257
1952,219520.08704176493
1953,175598.72295996145
1954,206058.30302879467
1955,132686.4661177059
1956,357986.42616055236
1957,161281.27887706328
1958,314457.2997336087
1959,141832.18223173567
1960,104593.69039849903
1961,124106.5981612244
1962,112142.7073769962
1963,121079.25262836122
1964,112834.51719331567
1965,148408.7559032024
1966,148422.77325382884
1967,266246.3261317821
1968,378249.6389551181
1969,331460.2023648533
1970,389302.7170768915
1971,475157.7217943738
1972,349750.3103857139
1973,269807.064210928
1974,307337.8090299019
1975,467028.5909276065
1976,274827.3239588087
1977,329419.8287374711
1978,320018.4088119903
1979,295396.166898617
1980,183005.956091601
1981,297628.55361409177
1982,216739.98246052634
1983,199413.84715245164
1984,171971.5430103504
1985,232106.7371409835
1986,229271.45241116543
1987,188238.8228510141
1988,179065.064909357
1989,201783.3915423825
1990,217951.48247473774
1991,216071.53833579054
1992,214751.0488755377
1993,185278.59242365876
1994,235688.39810527314
1995,193268.99797043603
1996,241737.4626205904
1997,296501.0390499235
1998,291911.4247738034
1999,266707.68445456214
2000,312735.55494146264
2001,267586.6254738409
2002,248189.4605427888
2003,263926.55353240384
2004,277455.3050483051
2005,222627.30123964866
2006,210548.1402146781
2007,255328.65399630248
2008,200659.44191104174
2009,191724.62604696772
2010,197659.94826429422
2011,147045.15338087254
2012,178501.1433513145
2013,164658.637450618
2014,177366.6456323229
2015,186909.64565646352
2016,186770.16486508277
2017,192485.46901340527
2018,123136.7547720198
2019,145687.25255136396
2020,103957.55480661483
2021,104546.2884863507
2022,185674.4375271363
2023,140639.1725247873
2024,268762.581676762
2025,347184.8117617435
2026,166251.58078196042
2027,153725.15910447176
2028,160685.823949281
2029,164436.70408540848
2030,249880.4260919578
2031,229547.1904111907
2032,232858.61522346953
2033,242349.29625432054
2034,172129.95269494655
2035,218647.6424905979
2036,208269.60415402107
2037,210276.5058842174
2038,305913.0820888488
2039,199666.21015201058
2040,297432.68276677513
2041,302965.6595196987
2042,206440.59081851333
2043,174983.94699833932
2044,187854.43669353114
2045,217049.75853311337
2046,142200.08350237794
2047,136723.28988823143
2048,146375.68448500568
2049,143019.8919771539
2050,172099.07240464794
2051,109128.32541118152
2052,132967.18790023966
2053,144268.0079003626
2054,90628.98073429575
2055,143749.98137068498
2056,151013.8357540301
2057,107360.94994610407
2058,203388.30030700797
2059,129734.54224022933
2060,178416.85104256438
2061,179990.4634568829
2062,117434.18908679803
2063,110174.99133390748
2064,127316.83086511717
2065,112643.0448744574
2066,166265.30892869792
2067,123449.89924867013
2068,140136.33873367732
2069,89961.38577955375
2070,111959.53379276252
2071,95987.70970624663
2072,140914.26939745896
2073,139545.2085811982
2074,184375.5171497391
2075,141506.72458989688
2076,124283.56492344034
2077,131859.84867485263
2078,113420.46095071766
2079,134088.79669304055
2080,127232.73878665395
2081,118077.24840271162
2082,122126.55873695649
2083,133574.4676412728
2084,110144.95926491241
2085,112211.77416200144
2086,151182.67085680287
2087,133442.7482077396
2088,100941.28317520014
2089,84836.98902631554
2090,132571.58472320443
2091,89588.87458667209
2092,129572.74048289677
2093,115974.45825049478
2094,120277.37903354826
2095,140331.61504985607
2096,91799.23923650057
2097,97553.70146488088
2098,137961.08233098435
2099,67714.37029097696
2100,78854.16033157751
2101,109478.15000734598
2102,135638.27635032454
2103,99536.33778659953
2104,129720.20181217571
2105,118644.2609755501
2106,64142.61238798599
2107,188565.64856196777
2108,119053.18812489713
2109,109415.71629255114
2110,121724.34104116596
2111,156411.18833289936
2112,120619.74034782745
2113,119638.12121574473
2114,125777.55083574817
2115,150404.87753681818
2116,123532.84218719794
2117,142413.1842272583
2118,118754.96287521614
2119,115744.26547333806
2120,125416.62017155823
2121,102186.60178915889
2122,97929.7798597065
2123,102524.28963891711
2124,166169.09505697907
2125,125079.30748090411
2126,130295.4697473592
2127,156835.02073805395
2128,125494.99930970784
2129,111028.20106920847
2130,131721.13690974415
2131,167559.87331469537
2132,118414.33683431947
2133,126146.17053958295
2134,127084.1187561258
2135,109938.04650441631
2136,65110.73380946212
2137,117258.79641600366
2138,133317.24501431632
2139,154371.97853355424
2140,142157.26564549367
2141,164157.19114016122
2142,113554.5024577958
2143,136711.11218514736
2144,104314.44472090625
2145,144340.76448472118
2146,175149.6076513085
2147,138743.52982575548
2148,145914.94554710732
2149,144793.37470098
2150,229192.71466812285
2151,122723.28181591193
2152,148415.7390377045
2153,182051.57204059282
2154,103948.77231558986
2155,148313.77304407014
2156,258398.8566704909
2157,239843.67504119923
2158,224576.99802401825
2159,208524.38776390854
2160,187591.01381345576
2161,256299.70296529948
2162,429804.02450032224
2163,348293.68718780205
2164,243092.5316316647
2165,191544.19515599226
2166,159507.4478887028
2167,213270.28519178313
2168,186671.4821585275
2169,185564.4122045833
2170,209864.02521623333
2171,155779.75296275312
2172,140096.87575814634
2173,189811.71166002296
2174,225680.51561993154
2175,305705.91482278757
2176,287484.24101817
2177,236402.38256353443
2178,220536.3258245051
2179,141339.12077787757
2180,228820.33044778366
2181,189927.95627240013
2182,224748.90962500373
2183,188956.15617749578
2184,125901.337807138
2185,123519.9494865563
2186,165198.96955690646
2187,163923.92027170552
2188,166164.0480743496
2189,309488.647143109
2190,82926.14495838093
2191,82978.96250770224
2192,81237.6877020322
2193,106110.64005479835
2194,114980.20846544002
2195,96068.53258815476
2196,98880.64697004283
2197,114085.4992539032
2198,160984.56790598098
2199,205456.23874021936
2200,131286.22994778064
2201,126691.58862286377
2202,200246.81307220427
2203,112859.04713940775
2204,143845.9602402061
2205,103629.38475012184
2206,134309.09087352414
2207,195507.2261148028
2208,259234.10674962983
2209,186255.24148173296
2210,135066.77783393682
2211,135200.44751593666
2212,129721.45417492597
2213,102051.01823159186
2214,131481.09176489967
2215,106858.07007319531
2216,133269.49677454468
2217,70660.88619748327
2218,87647.95911148492
2219,92600.5840789744
2220,86803.02423778505
2221,250740.22555087248
2222,231268.27863302385
2223,276619.7505855399
2224,228436.80958312296
2225,132345.87294496535
2226,180160.25831823287
2227,204185.38479823736
2228,259578.853009562
2229,239658.23959860366
2230,148607.8811519642
2231,202470.90220255803
2232,192750.32039833185
2233,175130.69019389342
2234,243581.07044410147
2235,202490.73836200358
2236,260771.26020410535
2237,305861.1824532585
2238,228306.67753900844
2239,122464.17230979817
2240,155951.60884038467
2241,136532.4975070951
2242,123379.01831046565
2243,134497.1579675564
2244,110948.13405540424
2245,105645.19637092818
2246,134873.84904071412
2247,139777.2036356819
2248,129203.96545937697
2249,123812.12324284953
2250,132959.78497562732
2251,94584.01645860412
2252,182250.52874783243
2253,163538.89552978193
2254,177465.05195638954
2255,205159.52048105013
2256,178303.38279803543
2257,215817.10851908659
2258,170916.44031175436
2259,181808.14923250605
2260,166198.52079114883
2261,188852.78321615665
2262,194756.16276821695
2263,337904.88590817305
2264,486769.22534222057
2265,158183.91814081988
2266,252665.00920714633
2267,315123.9285078121
2268,399383.02084370574
2269,170458.71751824944
2270,201621.7705790448
2271,226197.96771605415
2272,218284.76496212653
2273,166998.05239749368
2274,183029.5451272193
2275,171297.05636173772
2276,189010.40614883666
2277,199724.8858611997
2278,160143.6120454247
2279,116580.98662706665
2280,109629.39862080364
2281,165690.9189964702
2282,178074.01665194298
2283,121724.93469742277
2284,118612.44002092138
2285,149733.19473883123
2286,124338.90807081816
2287,321668.42779017193
2288,256630.4457723896
2289,330664.0274466297
2290,391407.657394083
2291,303128.5238049519
2292,427759.5442588448
2293,420768.22877370456
2294,354686.51080326724
2295,451813.53246078605
2296,255067.04245263842
2297,303219.7008878451
2298,299376.402952252
2299,343917.43132486433
2300,305142.9460094108
2301,277278.89465923794
2302,244682.38752240667
2303,247836.69804685062
2304,241972.83809540013
2305,179076.13776976982
2306,179628.02676468025
2307,188356.4227843721
2308,216125.000188223
2309,258030.17534500262
2310,200207.9647089943
2311,203561.51914468576
2312,180412.7698558483
2313,179270.09770153297
2314,180100.66757758852
2315,180572.56588270576
2316,207269.47872031757
2317,187663.95847547465
2318,171186.6106452732
2319,186711.358579875
2320,193462.2949157523
2321,251077.16771962095
2322,194395.23629454884
2323,183142.81031490004
2324,200733.13935346573
2325,213936.50065307203
2326,186099.64841718224
2327,211601.5012321848
2328,223207.52695156785
2329,197266.67094379774
2330,192480.39608463412
2331,338346.0073380901
2332,377884.6991325392
2333,327017.13481257786
2334,248798.40504104068
2335,271938.16917157266
2336,295544.08894654165
2337,196348.35571486622
2338,273191.4098681268
2339,232640.25633539562
2340,364726.2529229546
2341,222590.2609373827
2342,239863.3405669447
2343,231163.57736035288
2344,227148.64412658577
2345,241508.2064268595
2346,205320.63283902148
2347,187004.60800033246
2348,227353.79056860608
2349,166131.579135295
2350,280358.8638859559
2351,227644.6639477731
2352,250071.9021982763
2353,244432.55080385375
2354,138215.2340813934
2355,150135.52126576076
2356,155502.81391782954
2357,197594.74110699186
2358,180265.05761715557
2359,137164.19265189703
2360,122208.7718818645
2361,149591.98314906348
2362,266452.24130950484
2363,136407.73286892756
2364,187223.00497189455
2365,221901.19759957475
2366,189153.41441493641
2367,210477.73324212653
2368,195969.66509110556
2369,203195.99241813822
2370,172381.73670364326
2371,152143.80034363866
2372,184494.93157281564
2373,291950.22543610464
2374,313893.03058293555
2375,228613.50250598026
2376,283676.2809703999
2377,324726.472317079
2378,155552.1587289486
2379,215517.64213226186
2380,149325.46084918865
2381,167460.1711052821
2382,235072.12176850467
2383,213664.17825070804
2384,250824.22983680057
2385,178344.34347671695
2386,131226.272552031
2387,131626.5723977186
2388,113560.00741036334
2389,121788.35585394228
2390,139624.05555322883
2391,137525.84012342067
2392,114691.32951534807
2393,175356.6791465064
2394,133506.08419048236
2395,212637.92566110555
2396,144888.16688457291
2397,221075.4625304085
2398,131865.16962693408
2399,66423.89798036036
2400,72331.10174086293
2401,126226.57290504163
2402,132956.40216853452
2403,146371.80690260776
2404,143716.91693618862
2405,156603.64779616703
2406,148038.54081590113
2407,122291.27351093726
2408,151785.5461104393
2409,118309.41312341808
2410,188230.45224815025
2411,112126.78871110828
2412,141615.62414217522
2413,119266.01982928309
2414,146407.2320995661
2415,130494.12700033814
2416,127501.55473979871
2417,132222.21492715605
2418,138466.0940576753
2419,108909.13802409849
2420,123880.74544056572
2421,118181.1110745215
2422,105096.02386375799
2423,102341.24822333475
2424,157379.94756501913
2425,210225.27920764347
2426,130944.84687643615
2427,111591.15088319758
2428,189593.552574905
2429,117543.05180108153
2430,135960.21583021423
2431,106375.64438655107
2432,136714.14252877352
2433,138512.39144740783
2434,127798.86278736408
2435,143322.75848959465
2436,108372.29987636903
2437,106263.98475126302
2438,119983.86002019719
2439,116539.97014657776
2440,125939.99110062131
2441,105346.35720650686
2442,106882.95022367217
2443,135396.4820819851
2444,124159.77963381831
2445,86935.73140994695
2446,127242.57755805529
2447,194040.79677814976
2448,137355.4440653817
2449,114894.41218468994
2450,151213.62516889247
2451,122586.20861336782
2452,185346.1437262118
2453,96304.21560652705
2454,120843.35381506014
2455,130879.99957698782
2456,125458.62533623626
2457,128087.6813647747
2458,126580.88509610329
2459,107504.55099629675
2460,144444.60895124634
2461,128613.89494734921
2462,130679.32523852993
2463,119971.43404324928
2464,166985.26926364144
2465,130866.1711468036
2466,108333.75881087573
2467,157349.6495025864
2468,91377.1141328876
2469,84776.29837281641
2470,193347.04020197748
2471,241104.36758828876
2472,150450.9758488489
2473,114588.12329702187
2474,79775.21057924883
2475,242304.81646194437
2476,105589.67122203101
2477,107130.36860382603
2478,152759.6341230151
2479,106516.16030577842
2480,154037.56310930575
2481,116002.29349287607
2482,124422.41470828286
2483,107965.654123495
2484,127681.40563118528
2485,132508.3591013021
2486,140430.81554426125
2487,165353.2919207531
2488,174765.20181116907
2489,156345.49011104752
2490,148062.44960322432
2491,106887.19796318612
2492,187938.93785677955
2493,149486.19194365534
2494,146814.50803101112
2495,95825.10049759355
2496,242154.8093430492
2497,144068.4692483018
2498,107267.26228176901
2499,96454.6419476926
2500,122878.91475733244
2501,131321.4886344803
2502,146320.81889208427
2503,96903.3533471524
2504,179262.10350254495
2505,225309.31281375934
2506,261387.36810384042
2507,289608.8624394853
2508,261711.17893688145
2509,220936.364125541
2510,231447.9960359951
2511,183770.3018846876
2512,201741.49833889733
2513,228339.71679341348
2514,259973.22911653327
2515,141584.1130267904
2516,182048.377698853
2517,150077.25557598317
2518,148950.26989387214
2519,214427.62735269984
2520,217090.0625802031
2521,189758.20229335377
2522,228209.37439003066
2523,120361.17635055576
2524,134314.98374275528
2525,147713.0479583232
2526,130326.5587866018
2527,116057.21340665827
2528,125763.43255671229
2529,133158.71580075665
2530,134070.2442365213
2531,253736.99302326853
2532,228487.56794568762
2533,202057.73282666027
2534,228530.1633911822
2535,292182.8103429825
2536,247569.85841514025
2537,229387.6749784188
2538,186070.49545743273
2539,195438.00942509927
2540,179904.18370142326
2541,196553.20762884064
2542,155010.1384713848
2543,123364.54523754981
2544,114007.31258195994
2545,135521.55290338676
2546,138209.73060287116
2547,161540.82431168208
2548,162450.6640354054
2549,163182.6826420286
2550,1096070.1753990967
2551,143138.72973713526
2552,133326.23282734543
2553,75919.42621629297
2554,104285.65245500795
2555,132895.9109220507
2556,98802.22353718196
2557,110370.31033472624
2558,150262.64925697286
2559,108183.01286384462
2560,145024.6593178679
2561,148245.64233500423
2562,125050.53709740477
2563,140652.2631831412
2564,196512.14160381348
2565,137063.37921008922
2566,124625.98303561479
2567,110697.24477813172
2568,191276.39273423492
2569,199226.31457481193
2570,135656.9914386737
2571,160746.7505998651
2572,168394.70256665524
2573,205512.1621440523
2574,248648.29461594386
2575,132638.1474323048
2576,122651.23974094875
2577,139414.16954902973
2578,100279.38796917284
2579,66031.76653296026
2580,102752.53934436801
2581,125091.50119651413
2582,132504.70164179566
2583,255565.76337997004
2584,180444.27003011078
2585,184830.44564647693
2586,220908.27078996887
2587,213684.39727124368
2588,144123.3238718884
2589,155969.76052494752
2590,215682.40784409613
2591,236840.5307427626
2592,210025.6359996049
2593,222256.52203583196
2594,197871.93269707053
2595,202127.32509202187
2596,296064.37420586013
2597,183475.19428983744
2598,282608.1249894995
2599,341242.18476815533
2600,121041.11582335015
2601,145474.3161868136
2602,89792.53135627741
2603,94252.30197944815
2604,91100.07256944955
2605,87833.99569508598
2606,136710.88992691715
2607,229437.756531237
2608,216552.0115751596
2609,177066.34081625304
2610,109933.66537643461
2611,112936.59103574532
2612,162356.86215968497
2613,137685.35931621355
2614,126731.5443556256
2615,154460.75079625807
2616,161025.28917783906
2617,171579.0969683703
2618,187722.1996443948
2619,209916.9139373467
2620,196518.42933036314
2621,178596.94396829043
2622,189252.17811154117
2623,241685.59586425798
2624,306688.7964921856
2625,264724.0837686593
2626,188839.092458549
2627,172051.26649897656
2628,411501.4440175872
2629,454683.21925521136
2630,335908.1411333198
2631,443315.29169683415
2632,369408.83632694
2633,273105.8736440627
2634,396144.73577530053
2635,163332.67180401608
2636,201898.71934228478
2637,175065.9863138964
2638,250908.7731760117
2639,192482.91656828
2640,159859.22200721232
2641,105674.46625095783
2642,179364.4895497108
2643,122678.66834423288
2644,134981.09940473764
2645,124213.83442381141
2646,109591.696835002
2647,119835.82905016508
2648,152849.81661309898
2649,157479.19965231617
2650,155870.37852358882
2651,147166.19102526768
2652,387783.0690508904
2653,250491.11989113744
2654,232718.5496537003
2655,362161.3620487808
2656,307564.3297358359
2657,313262.5653861885
2658,263598.3492940231
2659,292854.9702792373
2660,327406.58622380625
2661,319637.9199426491
2662,320438.3279458092
2663,297399.19270302803
2664,254972.53603391483
2665,312377.7209812075
2666,263919.78338881733
2667,180508.27806120293
2668,190368.7495492851
2669,175158.5432629062
2670,282868.13191829075
2671,192131.8311870238
2672,200444.13149692916
2673,203709.61635365256
2674,214021.16257734253
2675,169041.75177167496
2676,202118.44931283948
2677,201001.3420507824
2678,264107.7210493142
2679,276559.9815757456
2680,283420.37934471195
2681,381852.9029135977
2682,316153.04684917256
2683,536270.542395977
2684,309558.85470495647
2685,334784.5536530884
2686,250073.068999484
2687,299438.7981068567
2688,222534.86144189484
2689,200560.04829655448
2690,413720.2454091082
2691,179959.00436170032
2692,137908.74160249162
2693,196026.63820340784
2694,141459.63961845177
2695,200530.6562132891
2696,191255.7853321224
2697,182918.90124141943
2698,206575.54480774925
2699,166864.90515801194
2700,147598.6234572502
2701,156533.76166133804
2702,120243.75491957089
2703,154981.86725790022
2704,146841.52972666713
2705,111431.85569495751
2706,114658.90469857781
2707,131627.6899047458
2708,121715.22394450687
2709,107159.13609618854
2710,124748.0496960209
2711,228221.89646387135
2712,374830.435824501
2713,168930.8150301492
2714,156092.90611274773
2715,151120.73547851192
2716,150641.56666143716
2717,183323.70233102457
2718,222355.71635366426
2719,140663.16171881143
2720,206253.62022341258
2721,133523.73191045548
2722,165018.41211683708
2723,168632.62926520692
2724,122072.79524979087
2725,125786.86319730878
2726,135337.69729489263
2727,188241.1321721668
2728,179552.4104441539
2729,146633.0307548635
2730,139041.90180568353
2731,136102.5449663992
2732,121265.2560594525
2733,172345.48488130153
2734,151875.71733277148
2735,122465.173820081
2736,137329.78059015993
2737,116005.91725918355
2738,137202.99560676116
2739,159472.85305150543
2740,140609.6516220067
2741,127187.92861652776
2742,158747.7413552322
2743,141786.09674814495
2744,163798.95812682353
2745,156019.01120845054
2746,124667.24443988169
2747,146644.64137192434
2748,122363.10895862221
2749,128146.63127906539
2750,127089.89108201413
2751,128951.83913477707
2752,226819.63866899104
2753,156016.59524234195
2754,230430.3290218583
2755,134365.86845567977
2756,97410.33817744501
2757,77901.53811682283
2758,92068.15523432061
2759,155298.34316908932
2760,111640.61235299548
2761,135141.57753140066
2762,133492.44778271916
2763,225343.8695119671
2764,168223.6226775114
2765,320960.6254184201
2766,120443.08672010084
2767,82680.80265845622
2768,113555.07387149136
2769,117395.90136340896
2770,161404.20597801145
2771,113258.91212299562
2772,100609.40346919833
2773,152473.71450035524
2774,135090.4322024611
2775,117428.65726781657
2776,141084.26940701334
2777,149551.8757113957
2778,135965.6258250951
2779,102253.457264217
2780,105968.9383796541
2781,104098.07992964714
2782,95535.26097962746
2783,88597.144053737
2784,119256.94644816859
2785,132589.43394712757
2786,74818.4586232627
2787,126651.5553737686
2788,73731.39106656192
2789,172487.70171963715
2790,101139.50865328625
2791,111639.04204328782
2792,66509.40978430594
2793,152000.42033615193
2794,88938.26963561431
2795,118132.90350937108
2796,94907.66191648498
2797,200784.91244222477
2798,116823.94564629154
2799,114343.65418724307
2800,77113.9878742088
2801,116627.87591271431
2802,126567.67962193432
2803,159280.97787013606
2804,135955.45499269766
2805,112701.40178925196
2806,84824.38792684814
2807,170226.55550026335
2808,146564.8318212512
2809,127553.04121699014
2810,129148.88980529844
2811,163282.54313204813
2812,172399.47954479838
2813,157562.36269456815
2814,155363.6228270243
2815,101050.3683799247
2816,234298.1022371898
2817,151895.3370649155
2818,130759.60673884288
2819,178501.79603047675
2820,127024.96647620149
2821,115356.8964497765
2822,199369.81862602205
2823,322445.13860998116
2824,164054.47511423056
2825,158702.47446192545
2826,135336.8912384313
2827,132464.89628151883
2828,217877.09215571004
2829,254196.03122430993
2830,223993.6383148264
2831,187001.88923256836
2832,232938.49801281243
2833,269679.53414094343
2834,208083.69656958626
2835,217512.41755106897
2836,191684.71359846936
2837,172836.71449172418
2838,147364.04409024946
2839,180480.95339456658
2840,200077.75318909067
2841,197708.29027186352
2842,229599.3969335681
2843,148631.05385456717
2844,179146.6808415259
2845,127402.5635223868
2846,202815.45142658762
2847,204982.16292650648
2848,225819.11764285428
2849,202516.08687661687
2850,293716.4580345768
2851,227331.5257027055
2852,240365.52973332925
2853,236141.91087507838
2854,145980.8025126795
2855,209300.96721185982
2856,196902.75798661401
2857,191536.44188877763
2858,209129.15611581012
2859,118982.09714773356
2860,125794.56557635397
2861,128152.68142914248
2862,210308.07387185917
2863,135090.13586746439
2864,236035.22623533712
2865,144868.15900395138
2866,178223.24635697642
2867,98103.50507824014
2868,112047.20771753369
2869,107683.0749491511
2870,128824.22300694743
2871,90305.30092566182
2872,58819.20734127692
2873,102842.21547693433
2874,125363.13539820623
2875,120584.87503553291
2876,185494.8563469283
2877,129788.91914661536
2878,158944.11858646246
2879,124801.94740048947
2880,100078.11640685823
2881,134276.1108051738
2882,138109.0515565829
2883,169535.7392087567
2884,198282.3283799348
2885,157346.43049563735
2886,214509.8510110058
2887,114999.2544974667
2888,136708.12676526536
2889,70524.04093193395
2890,86495.12336016126
2891,133754.5570059004
2892,71932.08113438959
2893,98968.43811395444
2894,68185.68923092599
2895,275627.22425016726
2896,256676.8739501267
2897,200714.16844338522
2898,164614.7067027517
2899,215392.22960544593
2900,160633.15783486632
2901,202736.76252592876
2902,185136.59265967927
2903,324887.9510769478
2904,333935.97528339317
2905,78794.44657212358
2906,230740.94667592613
2907,119952.35763390221
2908,133342.59261074383
2909,154072.9130048253
2910,85751.94015276592
2911,90424.29084730957
2912,147478.68397779865
2913,94895.77732784093
2914,86667.03002392453
2915,95657.2183845304
2916,95703.59018857442
2917,178708.38826253184
2918,113873.61992612986
2919,239894.163323848
